// Lista de costumes para drop especial
setarray .@costume_ids[0], 2230, 2231, 2250, 2253, 2573, 5157, 5224, 5230, 5231, 5232, 5233, 5234, 5235, 5236, 5237, 
	5238, 5239, 5240, 5241, 5242, 5243, 5406, 5407, 5410, 5424, 5425, 5431, 5432, 5438, 5439, 
	5440, 5441, 5909, 5914, 5915, 5979, 5980, 6062, 6063, 6064, 6065, 6066, 6067, 6068, 6636, 
	6637, 6638, 6639, 6640, 14677, 14678, 14679, 14680, 14681, 14682, 14683, 14684, 14685, 14686, 14687, 
	14688, 14689, 14690, 14691, 14692, 14693, 14694, 14695, 14696, 14697, 14698, 14699, 14700, 18740, 18741, 
	18742, 18744, 18817, 19133, 19424, 19433, 19459, 19466, 19472, 19500, 19502, 19507, 19509, 19510, 19511, 
	19512, 19513, 19514, 19515, 19516, 19517, 19518, 19519, 19520, 19521, 19522, 19523, 19524, 19525, 19526, 
	19527, 19528, 19529, 19530, 19531, 19532, 19533, 19534, 19535, 19536, 19537, 19538, 19539, 19540, 19541, 
	19542, 19543, 19544, 19545, 19546, 19547, 19548, 19549, 19550, 19551, 19552, 19553, 19554, 19555, 19556, 
	19557, 19558, 19559, 19560, 19561, 19562, 19563, 19564, 19565, 19566, 19567, 19568, 19569, 19570, 19571, 
	19572, 19573, 19574, 19575, 19576, 19577, 19579, 19581, 19586, 19587, 19588, 19598, 19599, 19600, 19605, 
	19618, 19619, 19627, 19628, 19630, 19632, 19645, 19650, 19666, 19667, 19669, 19674, 19676, 19683, 19686, 
	19692, 19702, 19704, 19707, 19710, 19711, 19731, 19733, 19734, 19736, 19737, 19739, 19742, 19746, 19750, 
	19758, 19759, 19764, 19765, 19775, 19779, 19780, 19804, 19809, 19827, 19831, 19835, 19839, 19849, 19853, 
	19856, 19862, 19863, 19871, 19875, 19880, 19881, 19882, 19903, 19910, 19911, 19917, 19918, 19919, 19920, 
	19927, 19938, 19947, 19951, 19976, 19982, 19990, 19996, 19999, 20000, 20001, 20002, 20003, 20004, 20011, 
	20025, 20026, 20027, 20028, 20033, 20041, 20043, 20053, 20060, 20063, 20064, 20067, 20068, 20086, 20087, 
	20088, 20089, 20099, 20110, 20111, 20126, 20132, 20135, 20136, 20139, 20140, 20148, 20154, 20162, 20163, 
	20164, 20165, 20168, 20174, 20179, 20183, 20185, 20206, 20209, 20210, 20211, 20220, 20227, 20228, 20234, 
	20237, 20246, 20264, 20278, 20290, 20304, 20323, 20371, 20379, 20388, 20395, 20397, 20403, 20404, 20407, 
	20409, 20416, 20417, 20418, 20419, 20420, 20421, 20422, 20423, 20424, 20428, 20435, 20440, 20450, 20451, 
	20457, 20459, 20472, 20473, 20487, 20514, 20525, 20526, 20528, 20541, 20571, 20575, 20577, 20578, 20579, 
	20586, 20589, 20590, 20593, 20594, 20595, 20597, 20598, 20599, 20603, 20727, 20746, 20761, 20763, 20764, 
	20765, 20766, 21202, 21206, 21207, 21300, 23723, 25101, 25102, 25103, 25104, 25105, 25106, 25107, 25108, 
	25109, 25110, 25111, 25112, 25113, 25114, 25115, 25116, 25117, 25118, 25119, 25120, 25121, 25122, 25123, 
	25124, 25125, 25126, 25127, 25128, 25129, 25130, 25131, 25132, 25133, 25134, 25135, 25136, 25137, 25138, 
	25139, 25140, 25141, 25142, 25143, 25144, 25145, 25146, 25147, 25148, 25149, 25150, 25151, 25152, 25153, 
	25154, 25155, 25156, 25157, 25158, 25159, 25160, 25161, 25162, 25163, 25164, 25165, 25166, 25167, 25168, 
	25169, 25170, 25171, 25172, 25173, 25174, 25175, 25176, 25177, 25178, 25179, 25180, 25181, 25182, 25183, 
	25184, 25185, 25186, 25187, 25188, 25189, 25190, 29982, 29983, 29984, 29985, 29986, 29987, 29988, 29989, 
	29990, 29991, 29992, 29993, 29994, 29995, 29996, 29997, 29998, 29999, 31033, 31034, 31040, 31047, 31057, 
	31089, 31091, 31105, 31125, 31140, 31141, 31142, 31143, 31150, 31157, 31160, 31180, 31195, 31205, 31259, 
	31262, 31263, 31308, 31311, 31316, 31319, 31320, 31325, 31375, 31388, 31391, 31398, 31410, 31416, 31461, 
	31479, 31482, 31488, 31490, 31497, 31530, 31542, 31546, 31551, 31577, 31583, 31586, 31588, 31602, 31610, 
	31611, 31614, 31617, 31618, 31620, 31645, 31646, 31647, 31648, 31649, 31650, 31651, 31652, 31653, 31654, 
	31655, 31656, 31657, 31658, 31659, 31660, 31667, 31686, 31690, 31706, 31709, 31721, 31728, 31737, 31754, 
	31766, 31769, 31770, 31771, 31772, 31773, 31774, 31775, 31776, 31777, 31844, 31845, 31846, 31848, 31849, 
	31850, 31851, 31853, 31856, 31857, 31858, 31859, 31860, 31861, 31862, 31863, 31864, 31865, 31866, 31867, 
	31868, 31869, 31870, 31871, 31872, 31873, 31885, 31886, 31887, 31905, 31906, 31907, 31911, 31916, 31922, 
	31923, 31927, 31930, 31931, 31932, 31933, 31934, 31936, 31937, 31938, 31943, 31944, 31946, 400046, 400055, 
	400056, 400057, 400074, 400076, 400115, 400124, 400148, 410005, 410056, 410062, 420010, 420025, 420095, 420096, 420097, 
	420098, 420099, 420100, 420101, 420102, 440002, 440003, 440006;

// Total: 623 costumes
